14.3333
20.6333
22.8
27.4333
25.4
31.1
30.9667
37.3667
42.8667
47.3
46.9
47.1
49.9333
50.3667
50.3
51.1
51.5
51.8
52.1667
51.6667
50.5333
51.6
52.5
54.2333
51.4667
52.4667
54.4
53.9333
54.8667
54.8667
54.3333
54.5
54.9
56.0667
55.3667
58.5667
55.8667
57.9333
52.8333
55.8
56.7
55.6667
56.4667
54.9333
55.2333
55.6
53.9667
56.7333
53.5333
57.0333
55.0667
54.4333
56.2667
54
58.7667
55.1
54.3333
55.1
53.8667
56.4667
55.9667
55.2
54.0333
55.5333
51.8
54.9333
55.8333
55.2333
56.3
54.8667
53.7667
54.7333
56.1667
54.4667
54.3333
56.5667
54.9667
57.1333
54.7667
56.5667
55.2333
55.5333
54.3
56.9333
51.4667
55.9
56.4333
57.6667
56.4667
55.7
54.8667
53.3
54.9667
54.1
55.4667
55.1333
54
54.7
55.5
55.7333