21.5667
38.8
50.4667
53.8
58.1667
62.3333
63.6333
65.4667
65.6667
67.5667
69.2333
70.9
72.3333
71.9667
73.2
74.3333
74.1
76.5667
77.3
76.4667
77.5
78.7667
79.0667
79.3333
79.0667
80.2
80.2
79.6333
79.1333
80.4
81.1
82.2667
81.4333
81.2667
81.1667
83.1667
82.8
82.3333
83.1333
82.8333
82.3333
83.7333
84.1
84.0667
83.8333
84.2667
84.3333
83.0667
84.8333
85.4667
83.8333
85.0667
84.4
85.9
85
85.0667
84.5
85.0333
85.1
85.1333
85.8333
85.2333
85.9667
85.1333
85.8333
85.3667
84.7667
85.8
85.8333
86.2
85.5333
86.1333
85.8667
85.6667
87
86.5333
85.6667
86.3333
87.2667
86.4
86
86.2333
85.6
86
85.5667
86.5333
85.8333
85
85.7333
86.1333
86.3
85.3667
85.3333
86.5333
85.6667
85.7667
86.3667
86.9
86.3
87.1667